year	DOY	hour	Temperature	RH	totalPPFD	diffusePPFD	
2015	246	0	28.00 	78.9	0	0
2015	246	1	27.72 	78.6	0	0
2015	246	2	27.22 	81.3	0	0
2015	246	3	27.11 	81.7	0	0
2015	246	4	26.72 	83.3	0	0
2015	246	5	25.50 	87.7	26	13
2015	246	6	27.78 	83.5	312	156
2015	246	7	29.28 	77.7	759	379.5
2015	246	8	30.28 	71.3	1238	619
2015	246	9	31.39 	67	1613	806.5
2015	246	10	32.11 	64.4	1412	706
2015	246	11	32.72 	59	2038	1019
2015	246	12	33.28 	53.7	2027	1013.5
2015	246	13	34.28 	50.1	1936	968
2015	246	14	33.28 	57.5	1680	840
2015	246	15	32.72 	60.5	1279	639.5
2015	246	16	32.28 	65	825	412.5
2015	246	17	31.11 	69.9	346	173
2015	246	18	29.61 	76.2	31	15.5
2015	246	19	28.61 	83	0	0
2015	246	20	28.28 	85.7	0	0
2015	246	21	28.22 	86.8	0	0
2015	246	22	28.22 	86.6	0	0
2015	246	23	28.11 	87.3	0	0
2015	247	0	27.72 	90.2	0	0
2015	247	1	27.22 	92.2	0	0
2015	247	2	26.89 	95.6	0	0
2015	247	3	26.89 	97.1	0	0
2015	247	4	27.11 	96.3	0	0
2015	247	5	27.11 	95.9	23	11.5
2015	247	6	28.61 	89.9	229	114.5
2015	247	7	29.61 	84.9	667	333.5
2015	247	8	31.39 	74.5	1106	553
2015	247	9	31.89 	71	796	398
2015	247	10	33.00 	67.9	2237	1118.5
2015	247	11	32.11 	69.2	627	313.5
2015	247	12	33.00 	65.7	2230	1115
2015	247	13	27.50 	80.3	689	344.5
2015	247	14	29.39 	79.6	1460	730
2015	247	15	28.78 	86.8	894	447
2015	247	16	30.61 	74.1	387	193.5
2015	247	17	29.72 	77.9	108	54
2015	247	18	29.11 	82.2	13	6.5
2015	247	19	28.72 	84.6	0	0
2015	247	20	28.28 	86.3	0	0
2015	247	21	28.00 	88.3	0	0
2015	247	22	27.61 	91.6	0	0
2015	247	23	27.61 	92.8	0	0
2015	248	0	27.61 	91.7	0	0
2015	248	1	27.50 	91.5	0	0
2015	248	2	27.22 	95	0	0
2015	248	3	27.22 	95.5	0	0
2015	248	4	27.22 	95.2	0	0
2015	248	5	27.39 	93.3	24	12
2015	248	6	28.28 	88.7	208	104
2015	248	7	29.28 	87.6	875	437.5
2015	248	8	29.78 	81	539	269.5
2015	248	9	30.28 	79.2	879	439.5
2015	248	10	31.72 	71	1624	812
2015	248	11	31.39 	70.4	898	449
2015	248	12	31.89 	68.6	1180	590
2015	248	13	31.72 	70.1	616	308
2015	248	14	32.22 	68.5	1248	624
2015	248	15	31.28 	70.5	610	305
2015	248	16	30.22 	75.9	438	219
2015	248	17	29.61 	78.2	106	53
2015	248	18	28.89 	81.4	22	11
2015	248	19	28.39 	84.2	0	0
2015	248	20	28.28 	84.8	0	0
2015	248	21	28.22 	85	0	0
2015	248	22	28.11 	85.7	0	0
2015	248	23	27.89 	85.7	0	0
2015	249	0	27.89 	85.7	0	0
2015	249	1	27.78 	85.8	0	0
2015	249	2	27.72 	85.7	0	0
2015	249	3	27.78 	85.7	0	0
2015	249	4	27.78 	85.7	0	0
2015	249	5	27.72 	86	10	5
2015	249	6	27.89 	86.2	112	56
2015	249	7	28.39 	84.9	286	143
2015	249	8	28.39 	84.9	437	218.5
2015	249	9	29.72 	79.6	602	301
2015	249	10	30.61 	75.6	1093	546.5
2015	249	11	31.61 	71.2	2106	1053
2015	249	12	31.11 	70.4	1666	833
2015	249	13	30.61 	72.1	745	372.5
2015	249	14	30.28 	74.3	593	296.5
2015	249	15	29.72 	78.6	290	290
2015	249	16	29.22 	80.1	161	80.5
2015	249	17	28.72 	78	79	39.5
2015	249	18	28.11 	82.7	16	8
2015	249	19	27.78 	85.7	0	0
2015	249	20	27.78 	87.6	0	0
2015	249	21	27.89 	87.9	0	0
2015	249	22	27.89 	88.5	0	0
2015	249	23	27.72 	90.2	0	0
2015	250	0	27.72 	91.2	0	0
2015	250	1	27.50 	93.1	0	0
2015	250	2	27.22 	94.6	0	0
2015	250	3	27.11 	95.5	0	0
2015	250	4	26.89 	97.5	0	0
2015	250	5	26.78 	98.4	13	6.5
2015	250	6	27.22 	97.6	79	39.5
2015	250	7	27.39 	95.8	169	84.5
2015	250	8	27.89 	90.9	216	108
2015	250	9	28.11 	85.9	288	144
2015	250	10	27.72 	88.8	427	427
2015	250	11	27.61 	92.5	391	195.5
2015	250	12	28.50 	84.5	377	188.5
2015	250	13	27.22 	92.2	316	158
2015	250	14	26.61 	95.6	178	178
2015	250	15	27.28 	97.2	298	298
2015	250	16	28.11 	92.5	216	108
2015	250	17	27.28 	97.3	70	35
2015	250	18	27.22 	98.2	0	0
2015	250	19	27.28 	96.1	0	0
2015	250	20	27.78 	88.1	0	0
2015	250	21	28.22 	83.2	0	0
2015	250	22	28.22 	82.9	0	0
2015	250	23	28.22 	81.5	0	0
2015	251	0	28.11 	81.5	0	0
2015	251	1	28.00 	81.9	0	0
2015	251	2	27.78 	83.3	0	0
2015	251	3	27.61 	84.7	0	0
2015	251	4	27.28 	85.7	0	0
2015	251	5	26.72 	88.8	0	0
2015	251	6	26.72 	88.9	24	12
2015	251	7	25.22 	92.8	121	60.5
2015	251	8	24.72 	95.4	119	59.5
2015	251	9	26.22 	90.5	534	267
2015	251	10	26.11 	85.8	371	185.5
2015	251	11	28.61 	74.8	2224	1112
2015	251	12	29.22 	69.7	1128	564
2015	251	13	29.61 	68.3	1983	991.5
2015	251	14	29.78 	65.5	1703	851.5
2015	251	15	29.89 	65.4	1293	646.5
2015	251	16	29.61 	68.3	641	320.5
2015	251	17	28.28 	71.1	174	87
2015	251	18	27.22 	76.1	35	17.5
2015	251	19	26.72 	78.2	0	0
2015	251	20	25.28 	83.7	0	0
2015	251	21	24.78 	85.4	0	0
2015	251	22	24.72 	84.8	0	0
2015	251	23	24.28 	87.5	0	0
2015	252	0	23.89 	90.3	0	0
2015	252	1	23.78 	92.3	0	0
2015	252	2	23.72 	92.8	0	0
2015	252	3	23.28 	94.3	0	0
2015	252	4	23.11 	95.7	0	0
2015	252	5	22.89 	97	24	12
2015	252	6	25.11 	89	242	121
2015	252	7	26.39 	80.6	657	328.5
2015	252	8	27.78 	75.8	1283	641.5
2015	252	9	28.22 	73	1234	617
2015	252	10	28.61 	70.8	619	309.5
2015	252	11	29.11 	69.8	1996	998
2015	252	12	30.00 	62.4	1983	991.5
2015	252	13	31.11 	61.6	1345	672.5
2015	252	14	30.78 	60.1	1096	548
2015	252	15	31.11 	58.4	813	406.5
2015	252	16	30.28 	59.4	509	254.5
2015	252	17	29.72 	61.8	202	101
2015	252	18	27.89 	69.5	22	11
2015	252	19	27.39 	76.3	0	0
2015	252	20	26.72 	86.5	0	0
2015	252	21	26.22 	88.2	0	0
2015	252	22	25.72 	89.2	0	0
2015	252	23	25.11 	91.2	0	0
2015	253	0	24.78 	92.7	0	0
2015	253	1	24.72 	94.8	0	0
2015	253	2	24.39 	96.2	0	0
2015	253	3	24.39 	97	0	0
2015	253	4	24.00 	97.3	0	0
2015	253	5	23.78 	98.3	18	9
2015	253	6	25.28 	92.1	170	85
2015	253	7	27.39 	81.8	406	203
2015	253	8	30.61 	68.6	874	437
2015	253	9	31.28 	65.6	1438	719
2015	253	10	31.61 	59.9	950	475
2015	253	11	32.50 	56.3	2027	1013.5
2015	253	12	32.22 	57.6	761	380.5
2015	253	13	31.22 	62	996	498
2015	253	14	30.39 	62	467	233.5
2015	253	15	29.78 	70	715	357.5
2015	253	16	29.28 	67.2	515	257.5
2015	253	17	29.28 	66.3	221	110.5
2015	253	18	27.72 	71.5	27	13.5
2015	253	19	26.72 	75.2	0	0
2015	253	20	26.11 	79	0	0
2015	253	21	25.72 	82.9	0	0
2015	253	22	24.89 	88.7	0	0
2015	253	23	24.22 	93.6	0	0
2015	254	0	24.28 	95.9	0	0
2015	254	1	24.39 	96.2	0	0
2015	254	2	24.72 	95.8	0	0
2015	254	3	24.50 	95.4	0	0
2015	254	4	24.39 	95.3	0	0
2015	254	5	24.22 	96.2	12	6
2015	254	6	23.78 	81.8	101	50.5
2015	254	7	26.28 	71.4	619	309.5
2015	254	8	28.72 	63.6	684	342
2015	254	9	28.78 	62.9	791	395.5
2015	254	10	29.78 	59.9	1385	692.5
2015	254	11	31.39 	58.2	1391	695.5
2015	254	12	31.39 	56.7	1745	872.5
2015	254	13	31.72 	54.6	2032	1016
2015	254	14	31.78 	54.1	1659	829.5
2015	254	15	31.28 	53.2	1318	659
2015	254	16	30.22 	59.2	825	412.5
2015	254	17	28.72 	62.4	307	153.5
2015	254	18	27.28 	67.9	31	15.5
2015	254	19	26.28 	76.8	0	0
2015	254	20	25.72 	83	0	0
2015	254	21	25.89 	83.3	0	0
2015	254	22	25.61 	82.6	0	0
2015	254	23	25.11 	85.8	0	0
2015	255	0	24.78 	86.1	0	0
2015	255	1	24.50 	88.8	0	0
2015	255	2	24.39 	91.9	0	0
2015	255	3	24.39 	93	0	0
2015	255	4	24.39 	93.6	0	0
2015	255	5	24.72 	94.4	13	6.5
2015	255	6	25.11 	92.5	98	49
2015	255	7	26.28 	87.5	303	151.5
2015	255	8	27.61 	82.8	504	252
2015	255	9	28.72 	80.2	628	314
2015	255	10	30.00 	74.8	1136	568
2015	255	11	29.39 	74.3	432	216
2015	255	12	29.61 	78.4	472	236
2015	255	13	27.78 	89.1	406	406
2015	255	14	30.22 	81.1	1108	554
2015	255	15	30.89 	72	1118	559
2015	255	16	30.22 	72.3	710	355
2015	255	17	28.72 	75.2	90	45
2015	255	18	27.72 	81.7	0	0
2015	255	19	27.00 	85.1	0	0
2015	255	20	26.72 	87.3	0	0
2015	255	21	26.22 	92.7	0	0
2015	255	22	25.78 	95.8	0	0
2015	255	23	25.61 	97.6	0	0
2015	256	0	25.72 	96.4	0	0
2015	256	1	25.78 	96.7	0	0
2015	256	2	25.72 	95.6	0	0
2015	256	3	25.50 	96.3	0	0
2015	256	4	25.39 	97.1	0	0
2015	256	5	25.39 	96.4	10	5
2015	256	6	26.00 	95.4	152	76
2015	256	7	26.00 	95.1	30	15
2015	256	8	26.11 	97	250	125
2015	256	9	25.72 	98.2	35	35
2015	256	10	24.78 	99.9	120	120
2015	256	11	27.11 	91.9	1247	623.5
2015	256	12	26.89 	86.4	518	259
2015	256	13	27.78 	85.6	927	463.5
2015	256	14	28.39 	82.4	561	280.5
2015	256	15	29.61 	74.9	431	215.5
2015	256	16	25.61 	88.8	119	119
2015	256	17	26.78 	90.8	159	79.5
2015	256	18	26.89 	91.5	19	9.5
2015	256	19	26.39 	94.8	0	0
2015	256	20	26.39 	97.4	0	0
2015	256	21	26.28 	98.3	0	0
2015	256	22	25.78 	97.8	0	0
2015	256	23	25.78 	96.6	0	0
2015	257	0	25.72 	96.1	0	0
2015	257	1	25.61 	97.2	0	0
2015	257	2	24.72 	94.4	0	0
2015	257	3	23.89 	95.5	0	0
2015	257	4	23.72 	97.6	0	0
2015	257	5	23.28 	98.9	16	8
2015	257	6	24.50 	99.5	200	100
2015	257	7	27.00 	84.6	593	296.5
2015	257	8	28.61 	66.7	1109	554.5
2015	257	9	29.61 	64.4	1495	747.5
2015	257	10	30.39 	59.9	1665	832.5
2015	257	11	31.61 	57.8	1382	691
2015	257	12	32.61 	52.5	1927	963.5
2015	257	13	33.28 	51.3	1721	860.5
2015	257	14	33.72 	48.6	1294	647
2015	257	15	32.11 	48.1	632	316
2015	257	16	29.78 	67.2	336	168
2015	257	17	28.39 	74.4	126	63
2015	257	18	27.39 	81.2	13	6.5
2015	257	19	26.72 	77	0	0
2015	257	20	26.11 	81.4	0	0
2015	257	21	25.61 	85.6	0	0
2015	257	22	24.89 	89.1	0	0
2015	257	23	24.28 	93.6	0	0
2015	258	0	24.11 	95.7	0	0
2015	258	1	24.22 	95.6	0	0
2015	258	2	23.72 	97.4	0	0
2015	258	3	23.89 	98.2	0	0
2015	258	4	23.78 	98	0	0
2015	258	5	23.61 	98.8	16	8
2015	258	6	24.72 	97.6	207	103.5
2015	258	7	26.72 	88.1	742	371
2015	258	8	26.89 	84.6	513	256.5
2015	258	9	28.11 	79.1	764	382
2015	258	10	30.72 	65.5	869	434.5
2015	258	11	30.28 	65.5	684	342
2015	258	12	32.11 	60.1	2251	1125.5
2015	258	13	32.22 	59	1905	952.5
2015	258	14	32.28 	60.9	1572	786
2015	258	15	31.61 	63.9	953	476.5
2015	258	16	29.72 	70.1	530	265
2015	258	17	29.22 	70.1	156	78
2015	258	18	27.28 	76.4	15	7.5
2015	258	19	26.11 	82.6	0	0
2015	258	20	25.39 	86	0	0
2015	258	21	25.00 	89.7	0	0
2015	258	22	24.78 	91.6	0	0
2015	258	23	24.72 	93.1	0	0
2015	259	0	24.50 	95.1	0	0
2015	259	1	24.39 	96.2	0	0
2015	259	2	24.22 	97.2	0	0
2015	259	3	24.11 	97.8	0	0
2015	259	4	23.89 	98.8	0	0
2015	259	5	23.89 	98.2	11	5.5
2015	259	6	24.89 	96.4	200	100
2015	259	7	26.39 	87.9	251	125.5
2015	259	8	28.78 	76.4	735	367.5
2015	259	9	31.11 	64.4	1385	692.5
2015	259	10	31.61 	63.2	1798	899
2015	259	11	32.89 	58	2044	1022
2015	259	12	32.89 	59.2	2021	1010.5
2015	259	13	32.72 	58	1892	946
2015	259	14	33.11 	57.6	1567	783.5
2015	259	15	32.72 	57.5	1215	607.5
2015	259	16	31.78 	55.8	595	297.5
2015	259	17	29.89 	63.6	199	99.5
2015	259	18	28.22 	71.7	13	6.5
2015	259	19	27.22 	70.9	0	0
2015	259	20	26.61 	74	0	0
2015	259	21	26.22 	85.4	0	0
2015	259	22	26.50 	90.3	0	0
2015	259	23	26.72 	91.4	0	0
2015	260	0	26.72 	91.3	0	0
2015	260	1	26.61 	93.1	0	0
2015	260	2	26.72 	92.2	0	0
2015	260	3	27.00 	89.6	0	0
2015	260	4	26.61 	91.2	0	0
2015	260	5	26.28 	92.9	13	6.5
2015	260	6	27.50 	86.8	183	91.5
2015	260	7	27.78 	85.7	110	55
2015	260	8	28.78 	81.7	431	215.5
2015	260	9	31.61 	68.8	895	447.5
2015	260	10	31.39 	67	745	372.5
2015	260	11	30.39 	74.9	685	342.5
2015	260	12	33.22 	64.6	1197	598.5
2015	260	13	30.50 	76.3	582	291
2015	260	14	31.39 	75.8	815	407.5
2015	260	15	31.28 	73.7	956	478
2015	260	16	30.72 	73.5	421	210.5
2015	260	17	28.61 	77.9	38	19
2015	260	18	27.22 	81.3	0	0
2015	260	19	25.61 	91.5	0	0
2015	260	20	25.00 	97.8	0	0
2015	260	21	25.11 	99.2	0	0
2015	260	22	25.22 	98.5	0	0
2015	260	23	25.22 	97.6	0	0
2015	261	0	25.11 	97.9	0	0
2015	261	1	24.89 	96.7	0	0
2015	261	2	24.89 	96.8	0	0
2015	261	3	25.00 	96.4	0	0
2015	261	4	24.78 	97.1	0	0
2015	261	5	24.72 	97.4	0	0
2015	261	6	25.11 	97.2	46	23
2015	261	7	25.50 	95.8	235	117.5
2015	261	8	27.78 	83.4	837	418.5
2015	261	9	29.22 	74.6	1374	687
2015	261	10	28.89 	75	662	331
2015	261	11	30.28 	69.2	1250	625
2015	261	12	29.39 	69.6	629	314.5
2015	261	13	28.89 	76	154	77
2015	261	14	28.39 	79.2	388	194
2015	261	15	25.89 	90.1	60	60
2015	261	16	25.28 	93.2	40	20
2015	261	17	25.39 	96.9	27	13.5
2015	261	18	25.22 	97.6	0	0
2015	261	19	24.89 	98.6	0	0
2015	261	20	24.61 	99	0	0
2015	261	21	24.50 	99.4	0	0
2015	261	22	24.39 	99.5	0	0
2015	261	23	24.28 	99.5	0	0
2015	262	0	24.50 	99.5	0	0
2015	262	1	24.39 	99.5	0	0
2015	262	2	24.22 	99.5	0	0
2015	262	3	24.00 	99.5	0	0
2015	262	4	23.78 	99.5	0	0
2015	262	5	23.39 	99.5	0	0
2015	262	6	22.89 	99.5	19	19
2015	262	7	22.78 	99.8	29	29
2015	262	8	22.39 	100	61	61
2015	262	9	22.72 	100	223	223
2015	262	10	23.22 	100	79	39.5
2015	262	11	23.61 	99.5	158	79
2015	262	12	23.50 	98.3	213	106.5
2015	262	13	23.61 	92	351	175.5
2015	262	14	23.89 	89	247	123.5
2015	262	15	24.78 	87.6	483	241.5
2015	262	16	24.89 	84.1	184	92
2015	262	17	24.72 	87.2	117	58.5
2015	262	18	24.28 	86	0	0
2015	262	19	23.78 	84.9	0	0
2015	262	20	23.72 	83.7	0	0
2015	262	21	23.72 	86.4	0	0
2015	262	22	23.78 	93.1	0	0
2015	262	23	23.78 	96.9	0	0
2015	263	0	23.78 	97.7	0	0
2015	263	1	23.78 	98.8	0	0
2015	263	2	23.61 	99.5	0	0
2015	263	3	23.39 	99.9	0	0
2015	263	4	23.61 	100	0	0
2015	263	5	23.50 	100	0	0
2015	263	6	23.50 	100	32	32
2015	263	7	23.39 	100	89	44.5
2015	263	8	23.72 	99.5	134	67
2015	263	9	23.89 	99.5	150	150
2015	263	10	24.61 	97.9	388	194
2015	263	11	25.11 	94.4	391	195.5
2015	263	12	25.78 	89.6	586	293
2015	263	13	25.50 	90.2	282	141
2015	263	14	24.78 	92.6	182	91
2015	263	15	24.72 	93.6	158	79
2015	263	16	24.28 	95.9	66	33
2015	263	17	24.11 	98.6	23	11.5
2015	263	18	23.78 	99.4	0	0
2015	263	19	23.72 	99.6	0	0
2015	263	20	23.61 	100	0	0
2015	263	21	23.61 	100	0	0
2015	263	22	23.72 	100	0	0
2015	263	23	23.72 	100	0	0
2015	264	0	23.89 	100	0	0
2015	264	1	24.22 	100	0	0
2015	264	2	24.11 	100	0	0
2015	264	3	24.22 	100	0	0
2015	264	4	24.28 	100	0	0
2015	264	5	24.28 	100	0	0
2015	264	6	24.11 	100	51	25.5
2015	264	7	23.78 	100	33	33
2015	264	8	23.72 	100	132	132
2015	264	9	23.78 	100	265	265
2015	264	10	24.89 	100	541	270.5
2015	264	11	24.11 	99.6	226	226
2015	264	12	23.61 	99.5	520	520
2015	264	13	22.78 	98.2	372	186
2015	264	14	22.61 	96.4	276	138
2015	264	15	22.28 	96.6	364	182
2015	264	16	22.78 	95.3	294	147
2015	264	17	22.89 	94.8	42	21
2015	264	18	23.22 	92.5	0	0
2015	264	19	23.28 	92	0	0
2015	264	20	23.28 	91.6	0	0
2015	264	21	23.11 	94.1	0	0
2015	264	22	22.78 	96.4	0	0
2015	264	23	23.00 	94.2	0	0
2015	265	0	22.28 	97.2	0	0
2015	265	1	22.39 	98	0	0
2015	265	2	22.39 	97.7	0	0
2015	265	3	22.72 	96.4	0	0
2015	265	4	22.22 	98	0	0
2015	265	5	22.39 	98.4	0	0
2015	265	6	22.72 	97.2	164	82
2015	265	7	24.78 	87.1	591	295.5
2015	265	8	25.00 	85.7	786	393
2015	265	9	26.78 	78.9	1544	772
2015	265	10	27.61 	73.5	1739	869.5
2015	265	11	26.50 	75.2	616	308
2015	265	12	28.78 	69.8	1737	868.5
2015	265	13	29.22 	64.8	1758	879
2015	265	14	29.28 	63	1251	625.5
2015	265	15	28.78 	67.6	778	389
2015	265	16	28.39 	66.5	411	205.5
2015	265	17	27.22 	69.9	71	35.5
2015	265	18	26.11 	74.9	10	5
2015	265	19	25.72 	76.8	0	0
2015	265	20	25.11 	82.3	0	0
2015	265	21	24.11 	85	0	0
2015	265	22	23.50 	88.7	0	0
2015	265	23	22.78 	92.1	0	0
2015	266	0	22.61 	95.7	0	0
2015	266	1	22.39 	97.4	0	0
2015	266	2	22.22 	98.2	0	0
2015	266	3	22.22 	99.1	0	0
2015	266	4	22.22 	99.5	0	0
2015	266	5	22.22 	99.7	9	4.5
2015	266	6	22.78 	100	81	40.5
2015	266	7	24.11 	99.7	253	126.5
2015	266	8	26.39 	86.7	471	235.5
2015	266	9	26.89 	83.5	731	365.5
2015	266	10	28.28 	74.6	1146	573
2015	266	11	28.78 	70.1	978	489
2015	266	12	29.72 	65.1	1246	623
2015	266	13	29.61 	63.5	1112	556
2015	266	14	30.11 	59.1	1140	570
2015	266	15	30.50 	56	838	419
2015	266	16	29.28 	59.5	381	190.5
2015	266	17	28.61 	63.3	164	82
2015	266	18	26.72 	80.4	11	5.5
2015	266	19	25.61 	85.8	0	0
2015	266	20	24.61 	90.8	0	0
2015	266	21	24.00 	95.1	0	0
2015	266	22	23.50 	95.7	0	0
2015	266	23	23.39 	97	0	0
2015	267	0	23.22 	97.3	0	0
2015	267	1	22.89 	97.8	0	0
2015	267	2	22.89 	98.6	0	0
2015	267	3	22.89 	99.5	0	0
2015	267	4	22.39 	99.5	0	0
2015	267	5	22.11 	99.5	0	0
2015	267	6	22.89 	99.9	117	58.5
2015	267	7	25.61 	93.6	452	226
2015	267	8	29.22 	75.9	850	425
2015	267	9	29.61 	67.5	1237	618.5
2015	267	10	30.11 	64.2	1227	613.5
2015	267	11	30.22 	61.9	1106	553
2015	267	12	30.89 	58	1284	642
2015	267	13	31.61 	55	1571	785.5
2015	267	14	31.28 	54.4	1212	606
2015	267	15	31.11 	55.7	698	349
2015	267	16	29.28 	58.1	228	114
2015	267	17	29.78 	53.6	188	94
2015	267	18	27.11 	68.3	10	5
2015	267	19	24.78 	82.2	0	0
2015	267	20	24.00 	88.2	0	0
2015	267	21	23.72 	93.4	0	0
2015	267	22	23.61 	90.7	0	0
2015	267	23	23.22 	94.7	0	0
2015	268	0	23.11 	96.9	0	0
2015	268	1	22.78 	98.6	0	0
2015	268	2	22.61 	99.4	0	0
2015	268	3	22.22 	99.5	0	0
2015	268	4	21.89 	99.6	0	0
2015	268	5	21.78 	99.8	0	0
2015	268	6	22.61 	100	139	69.5
2015	268	7	24.50 	99.6	419	209.5
2015	268	8	26.78 	83.7	735	367.5
2015	268	9	28.61 	75.4	1000	500
2015	268	10	29.89 	68.5	1302	651
2015	268	11	30.61 	62.9	1202	601
2015	268	12	30.89 	60.8	1524	762
2015	268	13	32.11 	55.5	1447	723.5
2015	268	14	32.11 	52.8	995	497.5
2015	268	15	31.22 	59.9	624	312
2015	268	16	30.22 	62	343	171.5
2015	268	17	28.39 	66.1	152	76
2015	268	18	26.78 	78.7	0	0
2015	268	19	25.50 	78	0	0
2015	268	20	24.61 	87.7	0	0
2015	268	21	24.78 	89	0	0
2015	268	22	24.78 	91.6	0	0
2015	268	23	24.78 	94	0	0
2015	269	0	24.72 	96	0	0
2015	269	1	24.72 	97.3	0	0
2015	269	2	24.39 	98.3	0	0
2015	269	3	24.39 	99.3	0	0
2015	269	4	24.39 	99.5	0	0
2015	269	5	24.28 	99.6	0	0
2015	269	6	24.78 	99.9	150	75
2015	269	7	26.89 	89.3	425	212.5
2015	269	8	28.22 	81	717	358.5
2015	269	9	29.22 	73.3	1157	578.5
2015	269	10	30.72 	66.9	1308	654
2015	269	11	30.89 	63.2	1133	566.5
2015	269	12	30.00 	62.2	1724	862
2015	269	13	28.78 	63.8	1420	710
2015	269	14	27.89 	62.5	926	463
2015	269	15	27.78 	70.4	315	157.5
2015	269	16	27.39 	76.4	202	101
2015	269	17	27.11 	80.3	117	58.5
2015	269	18	26.00 	80.9	0	0
2015	269	19	25.00 	87.4	0	0
2015	269	20	24.78 	91.3	0	0
2015	269	21	24.39 	93	0	0
2015	269	22	23.78 	95.1	0	0
2015	269	23	23.39 	97.1	0	0
2015	270	0	23.61 	98.1	0	0
2015	270	1	23.78 	98.3	0	0
2015	270	2	23.72 	98.6	0	0
2015	270	3	23.61 	99.4	0	0
2015	270	4	23.11 	99.5	0	0
2015	270	5	23.28 	99.7	0	0
2015	270	6	23.78 	99.8	95	47.5
2015	270	7	24.78 	98.8	306	153
2015	270	8	26.00 	87.3	400	200
2015	270	9	27.72 	75.2	1035	517.5
2015	270	10	29.39 	72.6	1043	521.5
2015	270	11	30.61 	62.1	1525	762.5
2015	270	12	30.61 	59	1191	595.5
2015	270	13	31.22 	56.8	736	368
2015	270	14	31.11 	65	702	351
2015	270	15	29.39 	70.6	497	248.5
2015	270	16	26.78 	82.7	170	170
2015	270	17	26.50 	86.9	136	68
2015	270	18	25.39 	88.1	0	0
2015	270	19	24.22 	92.2	0	0
2015	270	20	23.50 	95.2	0	0
2015	270	21	22.78 	97.2	0	0
2015	270	22	22.61 	98.6	0	0
2015	270	23	22.22 	99.3	0	0
2015	271	0	22.39 	99.5	0	0
2015	271	1	21.89 	99.5	0	0
2015	271	2	22.50 	99.7	0	0
2015	271	3	22.39 	100	0	0
2015	271	4	22.61 	100	0	0
2015	271	5	22.28 	100	0	0
2015	271	6	22.89 	100	143	71.5
2015	271	7	25.28 	96.2	496	248
2015	271	8	26.00 	85.1	599	299.5
2015	271	9	27.39 	76.8	1197	598.5
2015	271	10	29.61 	67.9	1141	570.5
2015	271	11	30.11 	65.4	1331	665.5
2015	271	12	29.78 	68.1	1169	584.5
2015	271	13	30.61 	64.3	1487	743.5
2015	271	14	30.61 	62	1170	585
2015	271	15	30.28 	62.5	733	366.5
2015	271	16	29.78 	63.7	389	194.5
2015	271	17	27.72 	70.4	134	67
2015	271	18	26.00 	77.9	0	0
2015	271	19	24.61 	82.4	0	0
2015	271	20	23.78 	86.8	0	0
2015	271	21	23.61 	90.8	0	0
2015	271	22	23.11 	93.7	0	0
2015	271	23	22.61 	95.9	0	0
2015	272	0	22.89 	97.5	0	0
2015	272	1	22.78 	97.9	0	0
2015	272	2	22.89 	97.6	0	0
2015	272	3	22.61 	98.4	0	0
2015	272	4	22.22 	99.1	0	0
2015	272	5	22.00 	99.5	0	0
2015	272	6	23.00 	99.6	141	70.5
2015	272	7	25.78 	88.9	528	264
2015	272	8	28.72 	75	958	479
2015	272	9	29.78 	69.3	1322	661
2015	272	10	30.89 	63.4	1563	781.5
2015	272	11	32.00 	59.7	1571	785.5
2015	272	12	32.22 	61.5	1194	597
2015	272	13	31.22 	63.2	719	359.5
2015	272	14	31.39 	65.2	1110	555
2015	272	15	31.22 	62.6	764	382
2015	272	16	29.78 	66.4	421	210.5
2015	272	17	28.28 	72.8	129	64.5
2015	272	18	26.39 	81.3	0	0
2015	272	19	25.28 	87.2	0	0
2015	272	20	25.11 	90.8	0	0
2015	272	21	25.11 	93.5	0	0
2015	272	22	24.78 	95.2	0	0
2015	272	23	24.50 	97.2	0	0
2015	273	0	24.61 	98.7	0	0
2015	273	1	24.78 	98.4	0	0
2015	273	2	24.72 	98	0	0
2015	273	3	24.22 	98.1	0	0
2015	273	4	23.89 	98.9	0	0
2015	273	5	23.28 	99.5	0	0
2015	273	6	24.28 	99.6	122	61
2015	273	7	25.61 	99.1	364	182
2015	273	8	27.61 	86.6	645	322.5
2015	273	9	27.89 	81.7	616	308
2015	273	10	29.39 	74.3	1038	519
2015	273	11	30.89 	66.5	1196	598
2015	273	12	31.22 	57.2	1584	792
2015	273	13	31.11 	59.5	1243	621.5
2015	273	14	31.39 	59	1090	545
2015	273	15	31.28 	59.4	727	363.5
2015	273	16	31.11 	53.6	499	249.5
2015	273	17	29.39 	56.3	126	63
2015	273	18	27.11 	83.2	0	0
2015	273	19	26.22 	86.6	0	0
2015	273	20	25.72 	90.6	0	0
2015	273	21	25.22 	94.9	0	0
2015	273	22	24.61 	97.2	0	0
2015	273	23	24.11 	98.5	0	0
2015	274	0	23.11 	96.2	0	0
2015	274	1	23.39 	90.8	0	0
2015	274	2	23.50 	93.1	0	0
2015	274	3	23.11 	93.7	0	0
2015	274	4	22.61 	95.4	0	0
2015	274	5	22.39 	91.5	0	0
2015	274	6	23.22 	91.2	171	85.5
2015	274	7	25.78 	78.7	605	302.5
2015	274	8	26.89 	69.7	1076	538
2015	274	9	27.89 	66.6	1379	689.5
2015	274	10	28.89 	60.1	1608	804
2015	274	11	29.39 	55.9	1706	853
2015	274	12	30.28 	54.8	1824	912
2015	274	13	30.28 	48.9	1615	807.5
2015	274	14	31.11 	48.3	1205	602.5
2015	274	15	30.50 	48.1	762	381
2015	274	16	30.28 	52.5	463	231.5
2015	274	17	28.89 	57.5	120	60
2015	274	18	26.61 	70.6	0	0
2015	274	19	25.39 	76.2	0	0
2015	274	20	25.11 	86.1	0	0
2015	274	21	24.39 	90.6	0	0
2015	274	22	24.22 	94.2	0	0
2015	274	23	23.72 	95.6	0	0
2015	275	0	23.50 	97.1	0	0
2015	275	1	23.22 	98.3	0	0
2015	275	2	23.22 	99.2	0	0
2015	275	3	23.11 	98.9	0	0
2015	275	4	22.89 	99.3	0	0
2015	275	5	23.22 	99.5	0	0
2015	275	6	23.72 	99.5	136	68
2015	275	7	26.11 	88.8	383	191.5
2015	275	8	28.22 	78.2	602	301
2015	275	9	28.61 	77.9	597	298.5
2015	275	10	31.00 	62.3	961	480.5
2015	275	11	31.28 	60.8	1052	526
2015	275	12	31.72 	59.6	1088	544
2015	275	13	32.00 	63.8	964	482
2015	275	14	30.39 	67.5	738	369
2015	275	15	28.89 	73.1	181	90.5
2015	275	16	28.39 	71.7	296	148
2015	275	17	27.39 	74.2	93	46.5
2015	275	18	26.28 	79.9	0	0
2015	275	19	25.78 	83	0	0
2015	275	20	25.78 	84.2	0	0
2015	275	21	26.11 	86.9	0	0
2015	275	22	26.22 	86.5	0	0
2015	275	23	25.22 	95.5	0	0
2015	276	0	25.11 	99.8	0	0
2015	276	1	24.89 	100	0	0
2015	276	2	25.00 	100	0	0
2015	276	3	24.89 	100	0	0
2015	276	4	25.28 	100	0	0
2015	276	5	25.39 	100	0	0
2015	276	6	25.61 	100	30	15
2015	276	7	25.78 	100	82	82
2015	276	8	25.78 	100	27	27
2015	276	9	25.22 	100	29	29
2015	276	10	25.11 	100	275	275
2015	276	11	25.89 	97.3	523	261.5
2015	276	12	28.22 	85.7	1016	508
2015	276	13	28.89 	81.2	956	478
2015	276	14	29.11 	78.7	565	282.5
2015	276	15	28.72 	78.7	343	171.5
2015	276	16	28.11 	75.9	216	108
2015	276	17	27.50 	74.9	159	79.5
2015	276	18	25.78 	79.1	0	0
2015	276	19	24.72 	86.4	0	0
2015	276	20	24.78 	88.1	0	0
2015	276	21	25.22 	88.8	0	0
2015	276	22	24.72 	86	0	0
2015	276	23	23.89 	85.4	0	0
2015	277	0	23.39 	86.4	0	0
2015	277	1	23.28 	87.8	0	0
2015	277	2	23.22 	91.4	0	0
2015	277	3	23.11 	92.8	0	0
2015	277	4	23.11 	92.9	0	0
2015	277	5	22.89 	93.7	0	0
2015	277	6	23.28 	91.4	99	49.5
2015	277	7	24.28 	86.1	460	230
2015	277	8	26.00 	80.8	1025	512.5
2015	277	9	26.61 	75.6	576	288
2015	277	10	28.61 	68.2	1024	512
2015	277	11	29.22 	63.9	810	405
2015	277	12	29.89 	60	1315	657.5
2015	277	13	30.22 	59.6	881	440.5
2015	277	14	29.89 	59.9	1304	652
2015	277	15	30.22 	57.9	677	338.5
2015	277	16	29.22 	62.6	518	259
2015	277	17	27.61 	70.4	58	29
2015	277	18	24.78 	79.6	0	0
2015	277	19	24.11 	83.7	0	0
2015	277	20	23.72 	88.5	0	0
2015	277	21	23.39 	92.2	0	0
2015	277	22	23.00 	95.6	0	0
2015	277	23	23.11 	95.4	0	0
2015	278	0	22.89 	95.7	0	0
2015	278	1	22.61 	97	0	0
2015	278	2	22.11 	97.8	0	0
2015	278	3	21.89 	98.7	0	0
2015	278	4	22.00 	99.2	0	0
2015	278	5	22.22 	99	0	0
2015	278	6	23.00 	98.7	196	98
2015	278	7	25.72 	83.8	567	283.5
2015	278	8	27.28 	75.8	572	286
2015	278	9	27.89 	72	900	450
2015	278	10	28.28 	65.5	1073	536.5
2015	278	11	29.61 	59.9	663	331.5
2015	278	12	29.89 	57.2	1794	897
2015	278	13	30.89 	52.9	1186	593
2015	278	14	30.89 	48.1	1435	717.5
2015	278	15	30.72 	50.3	909	454.5
2015	278	16	26.72 	66.9	126	63
2015	278	17	25.72 	71.3	42	21
2015	278	18	24.72 	77.5	0	0
2015	278	19	24.11 	76.6	0	0
2015	278	20	23.28 	82.4	0	0
2015	278	21	22.89 	85.8	0	0
2015	278	22	21.89 	89.7	0	0
2015	278	23	21.61 	94.7	0	0
2015	279	0	21.11 	97	0	0
2015	279	1	20.89 	98.6	0	0
2015	279	2	20.78 	99.1	0	0
2015	279	3	20.61 	99.5	0	0
2015	279	4	20.78 	99.6	0	0
2015	279	5	21.28 	99.9	0	0
2015	279	6	22.50 	100	177	88.5
2015	279	7	26.28 	84.7	561	280.5
2015	279	8	27.11 	68.5	1057	528.5
2015	279	9	28.89 	61.7	936	468
2015	279	10	29.50 	56.3	1208	604
2015	279	11	28.61 	57.5	523	261.5
2015	279	12	29.28 	51.3	1156	578
2015	279	13	30.39 	44.4	1464	732
2015	279	14	31.22 	45.8	1001	500.5
2015	279	15	28.78 	49.2	343	171.5
2015	279	16	28.72 	58	331	165.5
2015	279	17	26.78 	67.8	106	53
2015	279	18	25.28 	75.5	0	0
2015	279	19	24.39 	77.1	0	0
2015	279	20	23.72 	80.6	0	0
2015	279	21	22.72 	83.6	0	0
2015	279	22	22.39 	86.1	0	0
2015	279	23	22.72 	86.1	0	0
2015	280	0	23.00 	84.4	0	0
2015	280	1	21.61 	87.3	0	0
2015	280	2	20.61 	95	0	0
2015	280	3	19.72 	97.1	0	0
2015	280	4	19.39 	97.9	0	0
2015	280	5	19.61 	98.8	0	0
2015	280	6	21.28 	99.5	213	106.5
2015	280	7	26.50 	69.6	569	284.5
2015	280	8	26.00 	59.3	346	173
2015	280	9	27.78 	51.7	924	462
2015	280	10	27.89 	51.8	923	461.5
2015	280	11	28.78 	48.7	583	291.5
2015	280	12	30.61 	42.3	1234	617
2015	280	13	28.72 	51.3	1234	617
2015	280	14	31.00 	40.5	1175	587.5
2015	280	15	28.61 	47.3	790	395
2015	280	16	27.50 	45.8	304	152
2015	280	17	26.22 	51.2	120	60
2015	280	18	24.28 	72.8	0	0
2015	280	19	22.72 	82.1	0	0
2015	280	20	21.22 	89.3	0	0
2015	280	21	20.39 	87.8	0	0
2015	280	22	20.11 	92.3	0	0
2015	280	23	19.11 	94.2	0	0
2015	281	0	18.28 	96.7	0	0
2015	281	1	18.11 	97.4	0	0
2015	281	2	17.61 	98	0	0
2015	281	3	17.22 	98.9	0	0
2015	281	4	17.00 	99.5	0	0
2015	281	5	16.78 	99.5	0	0
2015	281	6	19.39 	99.7	221	110.5
2015	281	7	25.39 	74.6	613	306.5
2015	281	8	27.22 	58.3	1066	533
2015	281	9	27.78 	55.8	556	278
2015	281	10	28.39 	49.8	998	499
2015	281	11	27.72 	49.5	517	258.5
2015	281	12	28.78 	47.4	731	365.5
2015	281	13	30.28 	46.3	1249	624.5
2015	281	14	30.61 	44.3	1016	508
2015	281	15	29.22 	48	817	408.5
2015	281	16	28.89 	49.2	467	233.5
2015	281	17	26.61 	58.4	126	63
2015	281	18	24.11 	70.1	0	0
2015	281	19	22.39 	79.6	0	0
2015	281	20	21.89 	84.8	0	0
2015	281	21	21.61 	83.4	0	0
2015	281	22	21.00 	86.6	0	0
2015	281	23	20.39 	88	0	0
2015	282	0	19.50 	93.8	0	0
2015	282	1	19.11 	95.2	0	0
2015	282	2	18.72 	97	0	0
2015	282	3	18.50 	97.7	0	0
2015	282	4	18.22 	98.6	0	0
2015	282	5	18.11 	99.4	0	0
2015	282	6	20.39 	99.5	158	79
2015	282	7	25.22 	76.1	469	234.5
2015	282	8	27.72 	62.8	865	432.5
2015	282	9	27.72 	56.9	1266	633
2015	282	10	27.39 	60.8	1469	734.5
2015	282	11	29.89 	53.1	717	358.5
2015	282	12	29.11 	50.2	57	57
2015	282	13	25.11 	70.7	0	0
2015	282	14	29.22 	49.2	1221	610.5
2015	282	15	29.28 	44.8	917	458.5
2015	282	16	28.11 	50.3	473	236.5
2015	282	17	26.89 	55.9	104	52
2015	282	18	25.00 	69.2	0	0
2015	282	19	24.61 	76.5	0	0
2015	282	20	23.89 	80.9	0	0
2015	282	21	23.89 	81.2	0	0
2015	282	22	23.78 	79.6	0	0
2015	282	23	23.11 	82.5	0	0
2015	283	0	23.61 	80.8	0	0
2015	283	1	23.11 	84.7	0	0
2015	283	2	22.89 	87.8	0	0
2015	283	3	22.72 	89.1	0	0
2015	283	4	22.61 	86.9	0	0
2015	283	5	22.39 	84.2	0	0
2015	283	6	22.22 	86.2	27	13.5
2015	283	7	23.11 	85.8	93	46.5
2015	283	8	23.50 	84.8	169	84.5
2015	283	9	21.89 	86.9	88	44
2015	283	10	21.61 	95.9	427	213.5
2015	283	11	22.22 	91.5	224	112
2015	283	12	23.72 	81.8	847	423.5
2015	283	13	23.50 	74.8	421	210.5
2015	283	14	22.72 	76.1	276	138
2015	283	15	22.72 	69.7	232	116
2015	283	16	22.61 	71.6	147	73.5
2015	283	17	21.89 	68.1	69	34.5
2015	283	18	20.78 	74.7	0	0
2015	283	19	19.78 	81.9	0	0
2015	283	20	19.00 	86.4	0	0
2015	283	21	17.89 	93.3	0	0
2015	283	22	17.22 	95.4	0	0
2015	283	23	17.11 	97.6	0	0
2015	284	0	16.61 	98.4	0	0
2015	284	1	16.72 	99.5	0	0
2015	284	2	16.39 	99.5	0	0
2015	284	3	16.28 	99.5	0	0
2015	284	4	16.72 	96.1	0	0
2015	284	5	16.11 	97.7	0	0
2015	284	6	17.28 	98.9	123	61.5
2015	284	7	20.89 	83.3	491	245.5
2015	284	8	22.00 	66.6	972	486
2015	284	9	24.11 	48.1	764	382
2015	284	10	25.22 	44.7	524	262
2015	284	11	25.89 	40.3	1832	916
2015	284	12	26.61 	39.4	1838	919
2015	284	13	27.22 	37.6	1687	843.5
2015	284	14	26.00 	41	906	453
2015	284	15	25.61 	41.3	524	262
2015	284	16	24.11 	46.5	213	106.5
2015	284	17	22.89 	49.3	46	23
2015	284	18	22.00 	59.6	0	0
2015	284	19	21.28 	66.3	0	0
2015	284	20	20.61 	73.1	0	0
2015	284	21	20.39 	74.1	0	0
2015	284	22	20.39 	73.9	0	0
2015	284	23	19.28 	81.6	0	0
2015	285	0	18.89 	86.8	0	0
2015	285	1	18.72 	87.8	0	0
2015	285	2	17.61 	92.5	0	0
2015	285	3	17.22 	96	0	0
2015	285	4	17.39 	97.1	0	0
2015	285	5	18.50 	94.9	0	0
2015	285	6	18.39 	93.9	92	46
2015	285	7	20.89 	85.9	274	137
2015	285	8	23.22 	70.1	586	293
2015	285	9	23.78 	68	424	212
2015	285	10	25.28 	64	533	266.5
2015	285	11	25.89 	61.5	790	395
2015	285	12	25.61 	62.8	398	199
2015	285	13	25.72 	62.6	481	240.5
2015	285	14	25.11 	66.4	270	135
2015	285	15	25.89 	62.4	629	314.5
2015	285	16	24.89 	65.8	189	94.5
2015	285	17	23.72 	71.1	38	19
2015	285	18	22.72 	76.3	0	0
2015	285	19	22.39 	77.4	0	0
2015	285	20	21.11 	91	0	0
2015	285	21	20.61 	96.1	0	0
2015	285	22	20.61 	97.5	0	0
2015	285	23	20.61 	98.4	0	0
2015	286	0	20.61 	98.8	0	0
2015	286	1	20.50 	99.3	0	0
2015	286	2	20.39 	99.5	0	0
2015	286	3	20.39 	99.5	0	0
2015	286	4	19.28 	99.5	0	0
2015	286	5	19.28 	99.5	0	0
2015	286	6	19.00 	99.7	19	19
2015	286	7	19.72 	99.8	111	55.5
2015	286	8	20.11 	99.5	196	98
2015	286	9	20.50 	95.6	350	175
2015	286	10	20.78 	93.4	411	411
2015	286	11	20.72 	93.9	409	204.5
2015	286	12	20.72 	94.7	322	322
2015	286	13	21.78 	93.3	369	184.5
2015	286	14	21.72 	89.9	205	102.5
2015	286	15	20.11 	93.7	65	32.5
2015	286	16	19.78 	96.3	81	40.5
2015	286	17	20.11 	96.7	27	13.5
2015	286	18	20.11 	97.1	0	0
2015	286	19	20.00 	98.4	0	0
2015	286	20	19.61 	98.5	0	0
2015	286	21	19.72 	98.6	0	0
2015	286	22	19.72 	99	0	0
2015	286	23	19.72 	99.1	0	0
